version https://git-lfs.github.com/spec/v1
oid sha256:ecab8c537bf616a0899d5225fff6e40854ae19a53998f785ae573530f9223da0
size 10480854
